01
01
01
01
02
01
02
03
E7
02
01
05
03
04
01
02
03
05
06
04
07
08
09
01
02
03
01
02
03
04
05
01
01
02
03
05
04
06
01
02
03
04
05
06
2011011801
2011011802
2011011803
01
02
03
04
2011011701
01
02
2011011601
01
02
03
2011011401
01
02
03
01
03
02
2011011202
01
02
03
04
01
02
2011011001
01
02
01
02
03
04
05
06
07
08
09
10
11
2011010701
01
02
2011010605
2011010606
2011010607
2011010608
2011010610
2011010609
05
06
08
10
07
09
11
2011010301
01
2010123101
2010123102
2010123104
01
02
03
04
2010123001
01
2010122902
2010122903
2010122905
2010122906
2010122907
2010122908
2010122904
2010122909
2010122910
2010122901
02
03
05
07
08
09
01
10
06
11
12
13
14
04
2010122401
2010122402
2010122403
2010122404
2010122405
2010122406
2010122410
2010122408
2010122407
2010122409
01
02
03
04
05
06
07
10
08
09
11
12
13
14
15
2010122301
2010122304
2010122305
2010122302
2010122308
2010122309
2010122310
2010122311
2010122306
2010122307
2010122312
2010122303
2010122314
2010122315
2010122316
2010122313
2010122317
2010122318
2010122319
2010122320
2010122321
01
02
04
05
03
13
14
08
09
10
11
06
07
12
15
16
17
18
19
20
21
22
23
24
25
26
27
29
28
30
2010122201
2010122202
2010122203
2010122204
2010122205
2010122206
2010122207
2010122208
2010122211
2010122212
2010122213
2010122214
2010122215
2010122216
2010122217
2010122210
2010122218
2010122209
2010122220
2010122219
2010122222
2010122221
2010122223
2010122224
2010122225
2010122226
2010122227
2010122228
2010122229
2010122230
2010122231
01
02
03
04
05
06
07
08
11
12
13
09
10
14
15
16
17
18
20
21
19
26
27
23
24
25
28
29
30
31
32
33
34
37
38
40
36
39
41
42
22
43
44
35
45
46
47
48
49
2010122101
2010122103
2010122102
2010122104
2010122106
2010122107
2010122105
2010122108
2010122111
2010122112
01
03
02
04
05
06
07
09
08
10
11
12
13
14
2010122001
2010122002
2010122003
2010122004
2010122006
2010122008
2010122009
2010122007
2010122005
01
02
03
04
06
07
08
09
10
11
05
2010121901
2010121902
2010121903
2010121904
2010121905
2010121907
2010121906
2010121908
2010121909
2010121910
2010121911
2010121912
2010121913
2010121914
01
02
03
04
05
06
07
08
09
10
11
12
13
14
15
2010121701
2010121702
2010121704
2010121703
2010121705
2010121706
2010121707
2010121708
2010121709
2010121710
2010121711
2010121712
2010121713
2010121714
2010121715
01
02
04
05
06
07
03
08
09
10
11
12
13
14
15
16
18
19
20
21
22
17
23
24
25
26
27
28
29
30
2010121601
2010121602
2010121603
2010121604
2010121605
2010121606
2010121607
2010121609
2010121608
2010121610
2010121612
2010121613
2010121614
2010121615
2010121616
2010121617
2010121618
2010121619
01
02
03
04
05
06
07
09
08
11
10
13
12
14
15
16
17
18
20
21
19
2010121501
2010121502
2010121503
2010121504
2010121505
2010121506
2010121507
2010121508
2010121509
2010121511
2010121510
01
02
03
04
05
06
07
08
09
11
10
12
13
2010121401
2010121402
2010121403
2010121404
2010121405
2010121408
2010121406
2010121407
2010121409
2010121410
2010121411
01
02
03
04
05
08
09
10
11
06
07
14
2010121301
2010121302
2010121303
2010121304
2010121305
2010121306
2010121308
2010121307
2010121309
01
03
02
04
05
06
08
07
09
2010121201
2010121202
2010121203
2010121204
2010121206
2010121205
2010121207
2010121208
2010121210
2010121211
01
02
03
04
06
07
08
05
09
10
11
12
13
2010121001
2010121003
2010121004
2010121005
2010121006
2010121007
2010121008
2010121009
2010121010
2010121011
2010121012
2010121013
2010121014
2010121015
2010121016
01
02
03
04
05
06
07
08
09
10
11
14
15
16
13
12
17
18
19
2010120901
2010120903
2010120904
2010120905
2010120906
2010120907
2010120908
2010120910
2010120902
2010120911
2010120912
2010120914
2010120915
2010120916
2010120917
2010120918
2010120913
01
03
04
05
06
07
08
09
10
11
12
14
02
15
16
17
18
13
19
20
2010120801
2010120803
2010120802
2010120804
2010120805
2010120806
2010120807
01
02
03
04
05
06
07
08
09
2010120701
2010120703
2010120702
2010120704
2010120705
2010120706
01
02
03
06
05
04
2010120601
2010120602
2010120603
2010120604
01
02
03
05
04
06
2010120501
2010120502
2010120503
2010120504
2010120507
2010120508
2010120509
2010120510
2010120511
2010120512
01
02
03
04
05
06
07
08
09
10
11
12
2010120301
2010120302
2010120303
2010120304
2010120305
2010120306
2010120307
2010120308
2010120309
2010120310
2010120311
2010120312
2010120313
2010120314
2010120315
01
02
03
04
05
06
07
08
10
09
11
13
14
15
12
16
2010120201
2010120202
2010120203
2010120204
2010120205
01
02
03
04
05
2010120101
2010120104
2010120105
2010120106
2010120107
2010120108
2010120102
2010120103
2010120109
2010120110
01
04
05
06
07
08
09
10
02
03
11
2010113001
2010113002
2010113003
2010113004
2010113005
01
02
03
04
05
2010112901
2010112902
2010112904
2010112905
2010112906
2010112908
2010112910
2010112911
2010112912
2010112913
2010112909
2010112903
2010112915
01
02
04
05
06
08
07
10
11
12
13
09
15
16
17
03
2010112601
2010112602
2010112603
2010112604
2010112605
2010112606
2010112607
2010112608
2010112609
01
02
03
04
05
06
07
08
09
10
2010112501
2010112502
2010112504
2010112505
2010112503
2010112506
2010112507
2010112508
2010112509
2010112510
2010112511
2010112512
2010112513
2010112514
2010112515
2010112516
2010112517
2010112518
2010112520
01
04
05
03
02
06
07
08
09
10
11
12
14
15
16
17
18
19
13
20
23
22
24
21
2010112401
2010112402
2010112403
01
02
03
2010112301
2010112302
2010112303
2010112304
2010112305
2010112308
2010112309
2010112310
2010112312
2010112313
2010112311
01
02
03
04
05
06
07
08
09
10
11
12
13
2010112201
2010112203
2010112202
2010112204
2010112205
2010112206
2010112207
2010112208
2010112209
2010112210
2010112211
2010112212
2010112214
01
03
02
04
05
06
07
08
09
10
11
12
13
14
15
2010111901
2010111902
2010111903
2010111904
2010111906
2010111907
2010111908
2010111905
2010111909
2010111910
2010111911
2010111912
2010111913
2010111914
2010111915
2010111916
2010111917
2010111918
2010111919
2010111920
01
02
03
04
05
06
07
08
09
10
11
12
13
14
15
16
17
18
19
20
21
22
2010111801
2010111802
2010111803
2010111804
2010111814
2010111815
2010111816
2010111817
2010111818
2010111805
2010111806
2010111807
2010111808
2010111809
2010111810
2010111811
2010111812
2010111813
2010111819
2010111820
2010111821
2010111822
01
02
03
04
14
15
16
17
18
05
06
07
08
09
10
11
12
13
19
20
21
22
2010111702
2010111703
2010111704
2010111701
2010111705
02
03
04
05
01
2010111601
2010111602
2010111604
01
02
03
04
2010111501
2010111502
2010111503
2010111504
2010111505
2010111506
2010111509
2010111511
2010111512
2010111513
2010111514
2010111515
2010111516
01
02
03
04
05
06
07
08
09
11
12
13
14
15
16
2010111201
2010111203
2010111202
2010111205
2010111206
2010111207
2010111208
2010111209
2010111204
2010111210
01
03
02
05
06
07
08
09
10
04
11
12
13
2010111101
01
2010111001
2010111009
2010111010
2010111011
2010111012
2010111014
2010111015
01
03
04
05
06
07
08
09
02
10
11
12
13
14
15
16
17
18
19
01
2010110801
2010110802
2010110803
2010110804
01
02
03
04
05
06
2010110601
2010110602
2010110603
2010110604
01
02
03
04
2010110401
01
02
2010110201
2010110202
2010110203
01
02
03
2010102901
2010102902
2010102903
2010102904
2010102905
2010102907
2010102908
01
02
03
04
06
07
05
08
2010102801
2010102802
2010102803
2010102804
2010102805
2010102806
2010102807
2010102808
2010102811
2010102810
2010102809
01
02
03
04
05
06
07
08
11
12
10
13
09
2010102701
2010102702
01
02
2010102601
2010102602
2010102604
2010102611
2010102612
2010102605
2010102607
2010102609
2010102606
2010102608
2010102610
01
02
04
11
12
05
07
09
06
08
10
2010102501
2010102502
2010102504
2010102503
01
02
04
03
05
2010102201
2010102202
2010102203
2010102204
2010102205
2010102206
2010102207
2010102208
2010102209
2010102210
2010102211
2010102212
2010102213
2010102214
2010102215
2010102216
2010102217
2010102218
01
02
03
04
05
06
07
08
09
10
11
12
13
14
15
16
17
18
2010102101
2010102102
2010102103
2010102104
2010102105
2010102106
2010102107
2010102108
2010102109
2010102110
2010102111
2010102112
2010102113
2010102114
2010102115
2010102116
2010102117
2010102118
2010102119
2010102120
2010102121
2010102122
2010102123
2010102124
2010102125
01
02
03
04
05
06
07
08
09
10
11
12
13
14
15
16
17
18
19
20
21
22
23
24
25
2010102001
2010102002
01
02
2010101901
2010101903
01
02
03
04
05
2010101701
01
2010101501
2010101502
2010101503
2010101504
2010101505
2010101506
2010101507
01
02
03
04
05
06
07
08
2010101401
2010101402
2010101403
2010101404
2010101405
2010101406
2010101408
2010101407
01
02
03
04
05
06
08
07
2010101301
2010101302
2010101303
2010101304
2010101305
2010101306
2010101308
2010101309
01
02
03
04
05
06
07
08
09
2010101202
2010101203
2010101204
2010101205
2010101206
2010101210
2010101211
2010101212
2010101201
2010101213
2010101214
2010101215
2010101216
2010101217
2010101219
01
02
03
04
05
06
07
08
09
10
11
12
13
14
15
16
17
18
19
2010101102
2010101103
2010101104
01
02
03
04
2010101001
2010101002
2010101004
2010101005
2010101006
2010101008
2010101003
2010101010
2010101009
2010101011
2010101007
01
02
04
05
06
08
03
10
09
11
07
2010100801
2010100802
2010100803
2010100804
2010100805
01
02
03
04
05
2010100702
2010100703
2010100701
2010100704
2010100705
2010100706
2010100707
2010100708
2010100709
2010100710
01
02
03
04
05
06
08
09
07
10
2010100601
2010100602
2010100603
2010100604
2010100605
2010100606
2010100607
2010100608
2010100609
01
02
03
04
05
06
07
08
09
2010100501
2010100502
2010100503
2010100516
2010100517
2010100518
01
02
03
04
05
06
07
08
09
10
11
12
13
14
15
16
17
18
19
2010100401
2010100402
2010100403
2010100404
2010100405
2010100406
2010100407
2010100408
2010100409
01
02
03
04
05
06
07
08
09
2010100201
01
2010100102
2010100103
2010100104
2010100105
2010100106
2010100107
2010100101
2010100108
2010100109
2010100110
2010100111
2010100112
2010100114
2010100115
02
03
04
05
06
07
01
08
09
10
11
12
13
14
15
2010093001
2010093002
2010093003
2010093010
2010093011
2010093008
2010093009
2010093012
2010093004
2010093005
2010093006
2010093007
2010093013
2010093014
2010093015
2010093016
2010093017
01
02
03
04
05
06
07
10
11
08
09
12
13
14
15
16
17
2010092901
2010092902
01
02
2010092801
2010092802
2010092803
2010092804
2010092805
2010092806
2010092807
2010092808
2010092809
2010092810
2010092811
2010092812
2010092813
2010092814
2010092816
2010092817
2010092818
2010092820
01
02
03
04
05
06
07
08
09
10
11
12
13
14
15
16
17
18
19
20
21
22
2010092701
2010092702
2010092703
2010092705
01
02
03
04
05
2010092601
2010092602
2010092603
2010092604
2010092607
2010092608
2010092609
01
02
03
04
05
06
07
08
09
2010092402
2010092403
2010092404
2010092405
2010092406
2010092407
2010092408
2010092409
2010092410
2010092411
2010092412
2010092414
2010092415
2010092416
01
02
03
04
05
06
07
08
09
10
11
12
14
15
16
2010092301
2010092302
2010092303
2010092305
2010092306
2010092307
2010092308
2010092309
01
02
03
04
05
06
07
08
09
2010092101
2010092102
01
02
2010092001
2010092003
2010092005
2010092006
2010092007
2010092008
01
02
03
04
05
06
07
08
2010091701
2010091702
2010091703
2010091704
2010091705
2010091706
2010091707
2010091708
2010091709
2010091710
2010091711
2010091712
2010091713
2010091714
2010091715
2010091716
2010091717
2010091718
01
02
03
04
05
06
07
08
09
10
11
12
13
14
15
16
17
18
2010091602
2010091603
2010091601
2010091604
2010091605
2010091606
02
03
04
05
01
07
06
08
2010091501
01
02
2010091402
2010091403
2010091404
2010091401
2010091405
2010091406
2010091407
2010091408
02
03
04
01
05
06
07
09
08
2010091301
01
2010091001
2010091003
2010091004
2010091005
2010091006
2010091007
2010091009
2010091010
2010091011
2010091012
2010091013
2010091002
2010091014
2010091015
2010091016
2010091017
2010091018
2010091019
2010091020
2010091021
2010091022
2010091026
2010091027
2010091023
2010091024
2010091025
2010091028
2010091029
2010091030
2010091031
2010091032
2010091033
2010091034
2010091035
2010091036
2010091037
2010091038
2010091040
2010091041
2010091042
2010091043
2010091047
2010091046
2010091048
2010091045
2010091049
2010091008
01
03
04
05
06
07
09
10
11
12
13
14
02
15
16
17
18
19
20
21
22
26
27
23
24
25
28
29
30
31
32
33
34
35
36
37
38
39
40
41
42
43
44
45
46
47
48
49
08
2010090901
2010090902
2010090903
2010090904
2010090905
2010090906
2010090907
2010090908
2010090909
2010090910
2010090911
01
02
03
04
05
06
07
08
09
10
11
2010090801
01
2010090601
2010090602
2010090603
01
02
03
2010090301
2010090302
2010090303
2010090305
2010090306
2010090309
2010090310
2010090308
2010090311
2010090307
2010090312
01
02
03
04
05
06
08
09
10
11
07
12
2010090201
2010090202
2010090203
2010090204
2010090205
01
02
03
04
05
2010090101
2010090102
2010090103
01
02
03
2010083101
2010083103
2010083102
2010083104
2010083105
2010083106
01
03
04
02
05
06
2010083001
2010083003
01
02
03
2010082801
01
2010082701
2010082702
01
02
2010082601
2010082602
2010082604
2010082605
2010082606
2010082607
2010082603
2010082610
2010082611
2010082608
2010082609
2010082613
2010082614
2010082615
2010082616
2010082617
2010082618
2010082619
2010082620
2010082621
2010082612
2010082622
2010082623
2010082624
2010082625
2010082626
2010082627
2010082628
2010082629
2010082630
2010082631
2010082632
2010082633
2010082634
2010082635
2010082638
2010082637
2010082639
2010082640
2010082642
2010082643
2010082644
2010082647
2010082648
2010082649
2010082650
2010082651
2010082652
2010082653
2010082654
2010082655
2010082657
2010082656
2010082636
2010082645
2010082646
2010082641
2010082659
2010082660
2010082658
01
02
03
04
05
06
07
10
08
09
13
14
15
16
17
18
19
20
21
12
22
23
24
25
26
27
28
29
30
31
32
33
34
35
38
37
39
40
42
11
43
44
47
48
49
50
51
52
53
54
55
57
56
36
45
46
58
41
59
60
61
62
2010082501
2010082502
2010082503
2010082504
01
02
03
04
2010082401
01
2010082301
2010082302
2010082303
2010082304
2010082305
2010082306
01
02
03
04
05
06
2010082001
01
2010081901
2010081902
01
02
2010081801
2010081802
2010081803
2010081804
2010081805
2010081806
2010081807
2010081808
2010081809
2010081810
2010081811
2010081812
2010081813
2010081815
2010081814
2010081817
2010081816
2010081820
2010081821
2010081818
2010081819
2010081822
2010081823
2010081826
2010081827
2010081824
2010081825
01
02
03
04
05
06
07
08
09
10
11
12
13
14
15
17
16
20
21
18
19
22
23
26
27
24
25
28
29
2010081701
01
2010081601
2010081602
2010081603
2010081604
2010081605
01
02
03
04
05
2010081301
01
2010081201
01
2010081001
2010081002
01
02
2010080901
01
02
2010080601
01
2010080501
2010080502
01
02
2010080401
2010080402
01
02
2010080201
2010080202
01
02
2010073002
2010073003
2010073004
2010073005
2010073006
2010073007
2010073009
2010073010
2010073011
2010073012
2010073013
2010073016
2010073017
2010073018
2010073014
2010073001
2010073008
2010073019
2010073020
2010073021
2010073022
2010073024
2010073015
2010073023
2010073025
2010073026
2010073027
2010073029
2010073028
2010073030
2010073031
2010073034
2010073035
2010073036
01
02
03
04
05
06
07
08
09
10
11
12
13
16
17
18
14
19
20
21
22
24
23
15
25
26
27
29
28
31
30
33
34
32
35
36
2010072902
01
02
2010072801
2010072802
01
02
2010072701
2010072703
2010072704
2010072705
01
02
04
03
05
2010072601
2010072602
01
02
2010072301
2010072303
2010072302
2010072304
2010072306
2010072309
2010072310
2010072311
2010072313
2010072314
2010072315
2010072318
2010072316
2010072317
2010072319
2010072320
2010072321
2010072322
01
03
02
04
05
06
07
08
09
10
11
12
13
18
14
15
16
17
19
20
21
22
2010072202
2010072203
2010072204
2010072206
2010072205
2010072207
2010072208
2010072209
2010072201
2010072211
2010072212
2010072213
2010072214
2010072210
02
03
04
06
07
05
09
01
10
11
12
13
14
08
2010072001
2010072002
2010072003
2010072004
2010072011
2010072006
2010072005
2010072007
2010072012
2010072013
01
02
03
04
11
06
05
07
12
13
2010071901
2010071902
2010071903
2010071905
2010071904
2010071906
2010071907
2010071908
2010071909
2010071910
2010071911
2010071912
2010071915
2010071916
01
02
03
04
05
06
07
08
09
10
11
12
13
14
15
16
2010071601
2010071602
2010071603
2010071605
2010071606
2010071607
2010071608
2010071609
2010071610
2010071611
2010071612
2010071613
2010071614
2010071615
2010071616
2010071604
2010071617
2010071618
2010071619
2010071620
2010071621
2010071623
2010071624
2010071625
2010071626
2010071627
2010071628
2010071630
2010071631
2010071632
2010071633
01
02
03
04
05
06
07
08
09
10
11
12
13
14
15
16
17
18
19
20
21
22
23
24
25
26
27
28
31
32
33
30
29
2010071501
2010071502
2010071505
2010071506
2010071508
2010071509
2010071510
2010071507
2010071513
2010071515
2010071516
2010071517
2010071518
2010071519
2010071521
2010071522
2010071524
2010071523
2010071525
2010071526
2010071527
2010071528
2010071532
2010071529
2010071530
2010071531
2010071533
2010071534
2010071514
01
02
05
06
07
08
09
10
11
12
13
15
16
17
18
19
20
21
22
24
23
25
26
27
28
32
29
30
31
33
34
14
2010071401
2010071402
2010071403
2010071404
2010071405
2010071406
01
02
03
04
05
06
2010071303
2010071302
01
03
02
2010071201
2010071202
2010071203
2010071204
01
02
03
04
2010070901
2010070904
2010070902
2010070903
2010070905
2010070908
2010070909
2010070906
2010070907
2010070910
2010070911
2010070912
2010070913
2010070914
2010070916
2010070917
2010070918
2010070919
2010070920
2010070921
2010070922
2010070923
2010070924
2010070925
2010070927
2010070928
2010070929
2010070926
2010070930
2010070931
2010070915
01
04
02
03
05
06
07
08
09
10
11
12
13
14
16
17
18
19
20
21
22
23
24
25
26
27
28
29
30
15
31
2010070802
2010070803
2010070801
2010070808
2010070804
2010070805
2010070806
2010070812
2010070809
2010070810
2010070811
2010070813
2010070814
2010070815
2010070816
2010070818
2010070819
02
03
01
08
04
05
06
09
10
11
12
13
14
15
16
17
18
19
2010070702
2010070703
02
03
2010070601
2010070602
2010070603
01
02
03
04
2010070501
2010070502
2010070503
2010070505
2010070506
2010070507
2010070508
2010070504
2010070509
2010070510
02
01
03
05
06
07
08
04
09
10
11
12
2010070201
2010070202
2010070203
2010070204
2010070205
2010070206
2010070207
2010070208
2010070209
2010070210
2010070212
2010070213
2010070214
2010070215
2010070216
2010070218
2010070219
2010070217
01
02
03
04
05
06
07
08
09
10
12
13
14
15
16
18
19
17
2010070101
2010070103
2010070104
2010070105
2010070106
2010070107
2010070108
2010070109
2010070110
2010070111
2010070112
2010070113
2010070114
2010070115
2010070117
2010070118
2010070119
2010070116
2010070120
2010070121
2010070122
2010070123
2010070102
01
03
04
05
06
07
08
09
10
11
12
13
14
15
16
17
18
19
20
21
22
23
02
24
2010063001
2010063002
2010063003
2010063004
2010063005
2010063006
2010063007
2010063008
2010063009
2010063010
01
02
03
04
05
06
07
08
09
10
11
2010062901
2010062902
2010062903
2010062904
2010062905
01
02
03
04
05
2010062801
2010062802
2010062803
2010062804
2010062805
2010062806
2010062808
01
02
03
04
05
06
07
08
2010062701
01
2010062501
2010062502
2010062503
2010062504
2010062505
2010062506
2010062507
2010062508
2010062509
2010062510
2010062511
2010062512
2010062513
2010062514
2010062515
2010062516
2010062517
2010062518
2010062519
2010062521
01
02
03
04
05
06
07
08
09
10
11
12
13
14
15
16
17
18
19
20
21
22
2010062401
2010062402
2010062403
2010062404
2010062405
2010062406
2010062407
2010062408
2010062409
01
02
03
04
05
06
07
08
09
2010062301
2010062302
2010062304
2010062305
2010062303
01
02
04
05
03
2010062201
2010062202
2010062203
2010062204
2010062209
2010062205
2010062206
2010062207
2010062211
2010062212
2010062213
2010062214
2010062215
2010062216
01
02
03
04
08
09
05
06
07
11
12
10
13
14
15
16
17
18
19
20
2010062108
2010062107
2010062110
2010062111
2010062112
2010062109
2010062113
2010062114
07
08
10
11
12
13
09
14
01
02
03
04
05
2010061801
2010061802
2010061803
2010061804
2010061805
2010061806
2010061807
2010061808
2010061809
2010061810
2010061811
2010061812
2010061813
2010061814
2010061815
01
02
03
04
05
06
07
08
09
10
11
12
13
14
15
2010061702
2010061701
2010061704
2010061705
2010061706
2010061709
2010061707
2010061710
2010061711
2010061712
2010061713
2010061714
2010061715
2010061703
2010061716
01
02
03
04
05
06
09
07
10
11
12
13
14
15
16
2010061601
2010061602
2010061603
01
02
03
2010061501
2010061502
2010061503
2010061504
2010061505
2010061506
01
02
03
04
05
06
07
2010061401
2010061402
2010061403
01
02
03
2010061301
2010061303
2010061304
2010061305
2010061306
2010061307
2010061308
2010061309
2010061313
2010061314
2010061310
2010061311
2010061316
2010061317
2010061318
2010061319
2010061320
2010061321
2010061322
2010061323
2010061312
2010061315
2010061324
2010061325
2010061302
01
03
04
05
06
07
08
09
13
14
10
11
16
17
18
19
20
21
22
23
12
15
24
25
02
2010061101
2010061105
2010061102
2010061103
2010061107
2010061108
2010061109
2010061110
2010061111
2010061112
2010061113
2010061115
2010061114
2010061117
2010061116
2010061118
2010061119
2010061120
2010061121
2010061122
2010061123
2010061104
2010061124
01
05
02
03
06
07
08
09
10
11
12
13
14
15
17
16
18
19
20
21
22
23
04
24
2010061001
2010061002
2010061003
2010061004
2010061005
2010061006
2010061007
2010061008
01
02
03
04
05
06
07
08
09
2010060901
2010060902
01
02
2010060801
2010060802
01
02
03
2010060701
2010060703
2010060704
2010060705
2010060706
2010060707
2010060708
01
03
04
05
06
07
08
2010060601
2010060602
2010060603
2010060604
2010060606
2010060607
01
02
03
04
06
07
2010060401
2010060402
2010060403
2010060404
2010060405
2010060407
2010060408
2010060410
2010060411
2010060412
01
02
03
04
05
06
07
08
09
10
11
12
2010060301
2010060302
2010060303
2010060306
2010060307
2010060308
2010060309
2010060310
2010060311
2010060312
2010060313
2010060314
2010060315
2010060316
2010060317
2010060318
01
02
03
04
05
06
07
08
09
10
11
12
13
14
15
16
17
18
2010060202
2010060203
2010060204
2010060206
2010060207
2010060208
2010060205
2010060212
2010060213
2010060214
2010060215
2010060211
2010060216
2010060218
2010060210
2010060217
2010060219
2010060220
2010060221
2010060222
2010060223
2010060224
2010060209
2010060225
2010060226
2010060227
2010060230
2010060232
2010060231
2010060233
2010060234
2010060235
2010060236
2010060237
2010060238
2010060239
2010060240
2010060241
2010060242
2010060244
2010060245
01
02
03
04
06
07
08
09
05
10
11
12
13
14
15
16
17
18
19
20
21
22
23
24
25
26
27
28
29
32
30
31
33
34
35
36
37
38
40
39
41
42
43
44
45
46
47
48
2010060103
01
02
03
2010053101
2010053102
2010053103
2010053104
01
02
03
04
2010052801
2010052802
2010052803
01
02
03
2010052701
2010052702
2010052703
2010052705
2010052704
2010052707
2010052710
2010052709
2010052711
2010052714
2010052716
2010052715
2010052706
2010052717
2010052719
2010052720
2010052721
2010052723
2010052724
2010052708
2010052725
2010052726
2010052728
2010052727
01
02
03
05
04
07
10
09
11
14
16
15
06
17
18
19
20
21
22
23
24
08
25
26
28
27
2010052601
2010052602
2010052603
01
02
03
2010052501
2010052502
2010052503
2010052504
2010052505
2010052506
2010052507
2010052508
2010052509
2010052510
2010052511
01
02
03
04
05
06
07
08
09
10
11
2010052101
2010052102
2010052103
2010052104
2010052105
2010052108
2010052109
2010052110
2010052107
2010052111
2010052114
2010052112
2010052113
2010052115
2010052116
2010052117
2010052106
01
02
03
04
05
08
09
10
07
11
14
12
13
15
16
17
06
2010052001
2010052002
2010052003
2010052004
2010052005
2010052006
2010052007
2010052008
2010052009
2010052010
2010052011
2010052012
2010052013
2010052014
2010052015
2010052016
01
02
03
04
05
06
07
08
09
10
11
12
13
14
15
16
2010051901
2010051903
2010051904
2010051905
2010051907
2010051908
2010051909
2010051910
2010051911
2010051906
2010051913
2010051914
2010051915
2010051916
2010051918
2010051917
2010051919
2010051925
2010051927
2010051928
2010051929
2010051930
2010051931
2010051932
2010051912
2010051902
01
03
04
05
07
08
09
10
11
13
06
15
14
16
17
18
19
20
21
22
23
24
26
25
27
28
29
31
32
12
33
02
34
30
2010051801
2010051809
2010051810
2010051812
2010051813
2010051814
2010051817
2010051818
01
02
03
08
04
05
06
07
09
10
11
12
13
14
15
16
17
18
2010051702
2010051701
2010051704
2010051705
2010051706
2010051707
2010051708
2010051709
01
02
03
04
05
06
07
08
09
2010051202
2010051204
2010051205
2010051206
2010051203
01
02
04
05
06
03
2010051101
2010051102
01
02
2010051001
2010051002
2010051003
2010051004
2010051005
2010051006
01
02
03
04
05
06
07
08
09
10
11
2010050701
2010050702
2010050703
2010050705
2010050706
2010050707
2010050708
2010050709
2010050710
2010050711
2010050713
2010050714
2010050715
2010050716
2010050717
2010050718
2010050719
2010050712
2010050720
2010050721
2010050704
01
02
03
05
06
07
08
09
10
11
13
14
15
16
17
18
19
12
20
21
04
2010050601
2010050602
2010050603
2010050605
2010050606
2010050607
2010050608
2010050609
2010050610
2010050611
2010050612
2010050613
2010050615
2010050614
2010050617
2010050618
2010050616
2010050619
2010050620
01
02
03
04
05
06
07
08
09
10
11
13
17
18
15
16
14
19
20
21
12
2010050501
01
2010050401
2010050402
2010050403
2010050404
2010050405
2010050406
2010050407
01
02
03
04
05
06
07
2010050301
2010050302
2010050303
2010050304
2010050305
2010050306
01
02
03
04
05
06
07
2010043001
2010043002
2010043003
2010043004
2010043005
2010043006
2010043007
2010043008
2010043009
2010043010
2010043011
2010043012
2010043013
2010043014
2010043015
2010043016
2010043017
01
02
03
04
05
06
07
08
09
10
11
12
13
14
15
16
17
2010042901
2010042902
2010042903
2010042904
2010042906
2010042907
2010042908
2010042905
2010042910
2010042912
2010042913
2010042914
2010042915
2010042916
2010042917
2010042918
2010042919
2010042911
2010042921
2010042922
2010042923
2010042925
2010042926
2010042927
2010042928
2010042929
2010042930
2010042931
2010042932
2010042933
2010042934
01
02
03
04
06
07
08
09
05
10
12
13
14
15
16
17
18
19
11
20
21
22
23
25
26
27
28
29
30
31
32
33
34
2010042802
2010042803
2010042804
2010042805
2010042806
2010042801
02
03
04
05
06
07
08
01
2010042701
2010042702
2010042704
2010042705
2010042706
2010042707
01
02
03
04
05
06
07
2010042601
2010042602
2010042603
2010042604
2010042605
2010042606
2010042607
01
02
03
04
05
06
09
08
07
2010042401
01
2010042301
2010042302
2010042303
2010042304
2010042305
2010042306
2010042308
2010042307
2010042309
2010042310
2010042311
2010042312
2010042313
2010042314
01
02
03
04
05
06
08
07
09
10
11
12
13
14
2010042201
2010042202
2010042203
2010042204
2010042205
2010042206
2010042207
2010042209
2010042211
2010042210
2010042212
2010042214
2010042215
2010042216
2010042217
2010042219
2010042220
2010042221
2010042222
2010042223
2010042224
2010042225
2010042226
2010042228
2010042230
2010042218
2010042231
2010042213
01
02
03
04
05
06
07
09
11
10
12
14
15
16
17
18
19
20
21
22
23
24
25
26
27
28
29
30
31
13
2010042102
2010042103
2010042104
2010042105
2010042106
01
02
03
04
05
06
2010042001
2010042002
2010042003
2010042004
2010042005
2010042006
2010042007
2010042008
2010042009
2010042010
2010042011
01
02
03
04
05
06
07
08
09
10
11
2010041901
2010041902
2010041903
2010041904
2010041905
2010041906
2010041908
2010041907
2010041909
2010041910
2010041911
2010041912
2010041913
2010041914
2010041915
2010041916
2010041917
2010041918
2010041919
01
02
03
04
05
06
08
07
09
10
11
12
13
14
15
16
17
18
19
20
2010041801
2010041802
2010041803
2010041804
2010041805
2010041806
2010041807
2010041808
2010041809
2010041810
2010041811
2010041812
2010041813
2010041814
2010041815
2010041817
2010041819
2010041820
2010041818
01
02
03
04
05
06
07
08
09
10
11
12
13
14
15
16
17
18
19
20
21
2010041601
2010041602
2010041603
2010041604
2010041606
2010041605
2010041609
01
02
03
04
06
05
07
08
09
2010041501
2010041502
2010041503
2010041504
2010041505
2010041507
2010041508
2010041506
01
02
03
04
05
07
08
06
2010041402
2010041403
2010041401
2010041404
2010041405
01
02
03
04
05
2010041301
2010041302
01
02
2010041201
2010041202
2010041203
01
02
03
2010040901
01
2010040801
2010040802
2010040804
2010040806
2010040803
01
02
04
05
06
03
2010040701
2010040702
01
02
2010040601
2010040604
2010040602
2010040605
2010040606
2010040607
2010040608
2010040609
2010040610
2010040611
2010040612
2010040613
2010040614
2010040616
2010040618
2010040619
2010040621
2010040622
2010040615
2010040620
2010040625
2010040623
2010040626
2010040627
2010040628
2010040630
2010040631
2010040632
2010040624
2010040633
2010040634
2010040635
2010040636
2010040637
2010040617
2010040639
2010040603
2010040642
01
02
04
06
07
08
09
10
11
12
13
14
15
16
18
19
21
22
25
23
26
27
28
20
29
30
31
32
24
33
34
35
36
17
37
38
39
03
40
41
05
42
43
2010040201
2010040202
2010040203
2010040204
2010040205
2010040207
2010040208
2010040206
2010040209
2010040210
2010040211
2010040212
01
02
03
04
05
06
07
08
09
10
11
13
12
2010040101
2010040102
2010040103
2010040104
2010040105
2010040106
2010040107
2010040108
2010040109
2010040110
2010040111
2010040112
2010040114
2010040115
2010040116
2010040117
2010040118
2010040119
2010040120
2010040123
2010040113
01
02
03
04
05
06
07
08
09
11
12
13
14
15
16
17
18
19
20
21
22
23
10
2010033103
2010033105
2010033101
2010033104
2010033102
03
05
01
04
06
07
02
02
01
03
2010032902
2010032903
2010032904
2010032901
2010032905
02
03
04
01
05
2010032601
2010032602
2010032603
2010032604
2010032605
2010032606
2010032607
2010032608
2010032609
2010032611
2010032612
2010032610
01
02
03
04
05
06
07
08
09
11
12
10
13
14
2010032505
2010032506
2010032507
2010032508
2010032501
2010032509
2010032510
2010032512
2010032514
2010032513
2010032515
2010032502
01
05
06
07
08
09
11
10
12
14
13
15
02
2010032401
2010032402
2010032403
2010032404
2010032405
2010032406
01
02
03
04
05
06
2010032301
2010032302
2010032304
2010032305
2010032306
2010032308
2010032309
2010032310
2010032311
01
02
03
04
05
06
07
08
09
10
11
12
2010032201
2010032202
2010032203
2010032204
2010032205
2010032206
2010032208
2010032209
2010032210
2010032211
2010032212
2010032213
2010032214
2010032215
01
02
03
04
05
06
07
08
09
10
11
12
13
14
15
16
2010031901
2010031902
2010031903
2010031904
2010031907
2010031908
2010031909
2010031911
2010031912
2010031918
2010031913
2010031914
2010031915
2010031916
2010031917
2010031906
2010031905
2010031919
2010031920
2010031921
2010031922
2010031923
2010031924
2010031910
01
02
03
04
05
07
08
09
10
11
12
18
13
14
15
16
17
06
19
20
21
22
23
24
25
26
2010031801
2010031802
2010031803
2010031804
2010031805
01
02
03
04
05
2010031701
2010031702
2010031703
2010031704
2010031706
2010031707
2010031709
2010031710
2010031711
2010031712
2010031705
2010031708
2010031713
2010031714
01
02
03
04
05
06
07
08
09
10
11
12
13
14
2010031601
2010031602
2010031603
2010031604
2010031605
2010031606
2010031607
2010031608
2010031609
2010031610
2010031611
01
02
03
04
05
06
08
07
09
10
11
2010031501
2010031502
2010031503
2010031504
2010031506
2010031507
2010031508
2010031509
2010031510
2010031511
2010031513
2010031514
2010031515
2010031516
2010031512
2010031520
2010031521
2010031505
01
02
03
04
06
07
08
09
10
11
13
14
15
16
12
17
18
19
20
21
05
2010031201
2010031202
2010031203
2010031204
2010031205
2010031207
2010031208
2010031209
2010031210
2010031206
2010031211
2010031213
2010031212
2010031214
01
02
03
04
05
07
08
09
10
06
11
12
13
14
2010031101
2010031102
2010031103
2010031106
2010031104
2010031105
2010031107
2010031108
2010031109
2010031110
2010031112
2010031113
2010031114
01
02
03
04
06
05
07
09
10
11
12
13
14
08
2010031001
2010031002
2010031003
2010031004
2010031005
2010031006
2010031008
01
02
03
04
05
06
07
08
2010030901
2010030902
01
02
2010030801
2010030802
2010030803
2010030804
2010030805
2010030806
2010030807
2010030808
2010030810
2010030811
2010030813
01
02
03
04
05
06
07
09
08
10
11
12
13
14
2010030501
2010030502
2010030503
2010030504
2010030505
01
02
03
04
05
06
07
08
09
2010030401
2010030402
2010030403
2010030404
2010030405
2010030406
2010030407
2010030408
2010030409
2010030410
2010030411
2010030412
2010030414
2010030415
2010030416
2010030413
2010030417
2010030420
2010030421
2010030422
2010030423
2010030424
2010030425
2010030426
2010030427
2010030428
2010030429
2010030430
01
02
03
04
07
05
06
09
10
11
12
13
14
15
16
17
08
18
19
20
21
22
23
24
25
26
27
28
29
30
2010030301
2010030302
2010030303
2010030304
2010030305
2010030306
2010030307
01
02
03
04
05
07
06
2010030201
2010030202
2010030203
2010030204
2010030205
2010030207
01
02
04
05
06
07
03
2010030101
2010030102
2010030103
2010030104
02
01
03
04
05
06
2010022602
2010022603
2010022604
2010022605
2010022606
2010022607
2010022608
2010022610
2010022609
2010022611
2010022612
2010022613
2010022614
2010022615
2010022616
2010022617
2010022618
2010022619
2010022601
2010022620
2010022621
02
03
04
05
10
06
07
08
11
12
13
14
15
17
18
19
01
20
21
09
16
2010022501
2010022503
2010022502
2010022505
2010022506
2010022507
2010022508
2010022509
2010022510
2010022511
03
01
02
04
05
06
07
08
09
10
11
2010022401
2010022404
2010022405
2010022406
01
02
03
04
05
06
2010022301
2010022302
2010022303
2010022304
2010022305
01
02
03
04
05
2010022201
2010022202
2010022203
2010022204
2010022205
2010022206
2010022207
2010022208
2010022209
2010022210
2010022211
2010022212
2010022213
2010022214
01
03
04
06
02
07
08
09
05
10
11
12
13
14
2010022106
2010022101
2010022107
2010022105
2010022102
2010022103
2010022108
2010022109
2010022110
2010022112
2010022113
2010022114
2010022116
2010022117
2010022118
2010022120
2010022121
2010022122
2010022123
2010022119
2010022125
2010022126
2010022127
2010022128
2010022129
2010022130
2010022104
2010022131
2010022124
2010022132
2010022137
2010022139
2010022115
06
01
02
03
07
08
09
10
11
12
13
14
05
16
17
18
19
20
21
22
23
24
25
26
27
28
29
30
04
31
32
33
34
35
36
37
38
39
15
2010021901
2010021902
2010021905
2010021903
2010021904
01
02
05
03
04
2010021801
2010021802
01
02
2010021701
01
2010021625
25
2010021501
2010021504
2010021503
2010021505
2010021506
2010021507
2010021502
01
03
04
05
06
07
02
2010021203
2010021204
2010021205
2010021206
2010021207
2010021208
03
04
05
06
07
08
2010021102
2010021103
2010021104
2010021105
2010021106
2010021107
2010021108
2010021110
2010021111
2010021109
2010021112
2010021113
2010021114
2010021116
2010021117
2010021119
2010021120
2010021121
2010021122
2010021123
2010021118
2010021124
2010021101
02
03
04
05
06
07
08
09
10
11
12
13
14
15
16
17
19
20
21
22
23
18
24
01
2010021001
2010021002
2010021003
2010021004
2010021005
2010021006
2010021007
2010021008
2010021009
01
02
03
04
05
06
07
08
09
2010020901
2010020904
2010020902
2010020903
2010020905
2010020908
2010020910
2010020906
2010020909
2010020911
01
04
02
03
05
08
10
06
09
11
2010020801
2010020802
2010020803
2010020804
2010020805
2010020806
2010020807
01
02
03
04
05
06
07
08
2010020501
2010020502
2010020503
2010020504
2010020505
2010020506
2010020507
2010020508
2010020509
01
02
03
04
05
06
07
08
09
2010020401
2010020403
2010020404
2010020405
2010020402
2010020406
2010020407
2010020408
2010020410
2010020411
2010020412
2010020413
2010020414
2010020415
2010020416
2010020417
2010020418
2010020419
2010020420
2010020421
2010020422
2010020423
2010020424
2010020425
2010020426
2010020427
2010020428
2010020429
2010020430
2010020431
2010020432
2010020435
01
02
03
04
05
09
06
07
08
10
11
12
13
14
15
16
17
18
19
20
21
22
23
24
25
26
27
28
29
30
31
32
34
35
2010020302
2010020301
2010020304
2010020305
2010020306
2010020307
2010020308
2010020309
2010020310
2010020311
2010020312
2010020313
2010020314
2010020315
2010020303
01
02
03
04
05
06
07
08
09
10
11
12
13
14
15
2010020201
2010020202
02
03
01
2010020101
2010020102
2010020103
2010020104
2010020105
2010020106
2010020107
2010020108
2010020109
2010020110
2010020111
2010020112
2010020113
2010020114
01
02
03
04
05
06
07
08
09
10
11
12
13
14
2010013102
2010013101
2010013103
2010013104
2010013105
2010013106
2010013107
2010013109
2010013110
2010013108
2010013111
2010013112
2010013113
2010013114
01
02
03
04
05
06
07
08
09
10
11
12
13
14
2010012902
2010012903
2010012904
2010012905
2010012906
2010012907
2010012908
2010012909
2010012910
2010012911
2010012912
2010012913
2010012914
2010012915
2010012916
2010012901
2010012917
02
03
04
05
06
07
08
09
10
11
12
13
14
15
16
01
17
2010012802
2010012803
2010012804
2010012805
2010012801
02
03
04
05
01
2010012701
2010012702
2010012703
2010012704
2010012707
2010012708
2010012709
2010012706
01
02
03
04
06
07
08
09
2010012602
2010012603
2010012605
2010012604
2010012607
2010012606
2010012608
2010012609
2010012610
2010012611
2010012612
2010012613
2010012614
2010012615
2010012616
2010012617
2010012619
2010012601
01
02
03
05
06
04
07
08
09
10
11
12
13
14
15
16
17
18
19
20
21
22
2010012501
2010012502
2010012503
2010012507
2010012508
2010012510
2010012511
2010012512
2010012513
2010012506
01
02
03
07
08
09
10
11
12
13
14
06
2010012201
2010012202
2010012203
2010012204
2010012211
2010012206
2010012207
2010012208
2010012210
2010012209
2010012212
2010012214
2010012215
2010012216
2010012220
02
01
03
04
05
06
07
08
10
09
11
12
14
15
16
20
2010012101
2010012102
2010012103
2010012104
2010012105
2010012106
2010012107
2010012108
2010012109
2010012111
2010012110
2010012113
2010012114
2010012115
2010012116
2010012117
2010012118
2010012112
01
02
03
05
04
06
07
08
11
09
13
14
10
12
15
16
17
18
19
2010012001
2010012002
2010012003
2010012004
2010012006
2010012007
2010012005
2010012011
2010012012
2010012014
2010012015
2010012016
2010012017
2010012013
2010012010
02
03
04
06
07
08
09
05
11
12
13
14
15
16
17
10
01
2010011902
2010011901
2010011903
2010011904
2010011905
2010011906
2010011907
2010011908
2010011910
2010011909
2010011911
2010011912
2010011913
2010011915
2010011914
2010011916
2010011917
2010011918
2010011919
2010011920
2010011921
01
02
03
04
05
06
07
08
09
11
10
12
13
15
16
14
17
18
19
20
21
22
2010011802
2010011803
2010011804
2010011801
2010011806
2010011807
2010011808
2010011809
2010011810
2010011812
2010011811
2010011805
01
02
03
04
06
07
08
09
10
11
12
13
05
2010011501
2010011503
2010011504
2010011505
2010011502
2010011506
2010011507
2010011508
2010011509
2010011510
2010011511
01
02
03
05
04
06
07
09
10
11
08
2010011401
2010011402
2010011403
2010011404
2010011405
2010011406
2010011407
2010011409
2010011410
2010011411
2010011408
2010011412
2010011413
2010011414
2010011415
01
02
03
04
05
06
07
09
10
11
12
13
08
14
15
16
2010011301
2010011302
2010011303
2010011304
2010011307
2010011306
2010011305
2010011308
01
02
03
04
07
06
05
08
2010011202
2010011203
2010011205
2010011204
2010011201
2010011206
01
02
03
04
05
06
2010011101
2010011102
2010011103
01
02
03
2010011002
2010011005
2010011006
2010011007
2010011008
2010011010
2010011011
2010011012
2010011001
2010011013
2010011014
2010011016
2010011004
2010011015
2010011003
02
05
01
06
07
08
10
11
12
13
14
16
15
04
17
03
2010010801
2010010802
2010010803
2010010804
2010010805
01
02
03
04
05
2010010701
2010010703
2010010704
01
02
03
04
2010010601
2010010602
2010010603
01
02
03
04
2010010502
2010010503
2010010505
2010010504
2010010501
02
03
05
04
01
06
2010010101
2010010102
01
02
2009123101
2009123103
2009123102
01
03
02
2009123004
2009123005
2009123006
2009123007
2009123011
2009123012
2009123016
2009123008
2009123009
2009123010
2009123017
2009123018
2009123003
2009123015
2009123019
2009123020
2009123021
2009123023
2009123024
2009123013
2009123014
2009123025
2009123022
2009123002
2009123026
2009123001
02
04
05
06
07
08
09
10
11
12
13
15
14
16
17
18
03
19
20
21
22
23
24
25
26
27
28
29
30
31
32
33
34
35
36
37
38
01
39
2009122901
2009122902
2009122903
2009122904
2009122905
2009122906
01
02
03
04
05
06
2009122801
01
2009122401
2009122402
2009122403
2009122404
01
02
03
04
2009122303
2009122305
2009122306
2009122310
2009122307
2009122308
2009122309
2009122311
2009122312
2009122313
2009122314
2009122315
2009122301
2009122317
2009122318
2009122319
2009122320
2009122302
2009122304
2009122316
01
03
05
06
10
08
09
11
12
13
14
15
17
18
19
21
20
22
02
04
07
16
2009122201
2009122202
2009122203
2009122204
2009122206
2009122207
2009122209
2009122212
2009122210
2009122211
2009122213
2009122214
2009122215
2009122218
2009122219
2009122220
2009122221
2009122224
2009122222
2009122223
2009122225
2009122226
2009122227
2009122228
2009122230
2009122229
2009122231
2009122235
2009122232
2009122234
2009122233
2009122236
2009122237
2009122239
2009122240
2009122241
2009122242
2009122243
2009122244
2009122245
2009122246
2009122247
2009122248
2009122258
2009122249
2009122250
2009122253
2009122254
2009122255
2009122256
2009122251
2009122252
2009122257
2009122217
2009122259
2009122260
2009122263
2009122205
2009122265
2009122266
2009122267
2009122268
2009122269
2009122270
2009122271
2009122272
2009122273
2009122274
2009122276
2009122277
2009122278
2009122279
2009122280
2009122275
2009122216
01
02
03
04
06
07
08
09
11
12
10
13
14
15
18
19
20
21
23
24
25
26
22
27
30
28
29
31
32
34
35
36
38
33
37
46
48
47
39
40
41
42
43
44
45
49
50
53
54
55
56
51
52
57
58
17
59
60
61
62
63
64
05
65
66
67
68
69
70
71
72
73
74
76
77
78
79
80
81
82
83
84
85
86
87
88
89
90
91
92
93
95
75
94
16
2009122102
2009122101
2009122103
2009122104
2009122105
2009122106
2009122107
2009122109
2009122111
2009122108
2009122113
2009122115
2009122117
2009122110
2009122118
2009122119
2009122120
2009122121
2009122122
2009122123
2009122112
2009122124
2009122116
2009122114
01
02
03
04
05
06
07
09
11
08
13
15
17
14
18
10
19
20
21
22
23
24
25
16
26
12
2009121802
2009121811
2009121813
2009121814
2009121815
2009121816
2009121803
2009121806
2009121807
2009121808
2009121809
2009121810
2009121812
2009121817
2009121804
2009121820
2009121821
2009121822
2009121823
2009121824
2009121826
2009121827
2009121828
2009121825
2009121829
2009121830
2009121831
2009121832
2009121833
2009121834
2009121835
2009121836
2009121837
2009121801
2009121838
2009121839
2009121840
2009121841
2009121818
2009121819
2009121805
11
13
14
15
16
06
03
07
08
09
10
12
17
18
19
20
21
22
23
24
26
04
27
28
29
25
30
31
32
33
34
35
36
37
01
38
05
39
40
41
02
2009121701
2009121702
2009121703
2009121704
2009121705
2009121706
2009121709
2009121707
2009121710
2009121708
2009121711
2009121713
2009121714
2009121718
2009121719
2009121721
2009121725
2009121722
2009121723
2009121724
2009121726
2009121727
2009121729
2009121730
2009121731
2009121732
2009121733
2009121734
2009121735
2009121736
2009121737
2009121738
2009121739
2009121740
2009121741
2009121743
2009121744
2009121745
2009121746
2009121747
2009121748
2009121750
2009121751
2009121742
2009121752
2009121753
2009121756
2009121754
2009121755
2009121757
2009121759
2009121760
2009121761
2009121762
2009121763
2009121728
2009121720
01
02
03
04
05
06
10
09
08
07
11
12
13
14
15
16
17
18
19
21
25
22
23
24
26
27
29
30
31
32
33
34
35
36
37
38
39
40
41
43
44
47
48
46
50
45
51
52
53
54
55
56
57
42
59
60
61
62
63
28
20
2009121601
2009121602
01
02
2009121501
2009121503
2009121504
2009121505
2009121506
2009121507
2009121502
2009121508
2009121509
2009121510
01
02
03
04
05
06
07
08
09
10
2009121401
2009121402
2009121403
2009121405
2009121404
2009121406
2009121407
2009121408
2009121409
2009121410
2009121411
2009121412
2009121413
2009121415
2009121414
2009121416
2009121418
2009121417
2009121421
2009121422
2009121420
2009121423
2009121424
2009121425
2009121430
2009121431
2009121432
2009121433
2009121434
2009121435
2009121436
2009121437
02
03
04
01
05
06
07
09
08
10
11
12
13
15
14
16
18
19
22
20
23
24
28
29
26
25
27
30
17
31
21
33
34
35
36
37
32
2009121301
2009121302
2009121303
2009121304
2009121305
01
02
03
04
05
2009121201
01
2009121101
2009121102
2009121103
2009121104
2009121105
2009121106
2009121107
2009121108
2009121109
2009121110
2009121111
2009121113
2009121114
2009121112
2009121115
2009121116
2009121117
2009121119
2009121120
2009121121
2009121122
2009121123
02
01
04
03
05
06
07
08
09
10
11
13
14
12
15
16
17
18
19
20
21
22
23
2009121001
2009121002
2009121005
2009121006
2009121007
2009121004
2009121009
2009121010
2009121011
2009121012
2009121013
2009121015
2009121016
2009121017
2009121018
2009121019
2009121022
2009121025
2009121026
2009121008
2009121028
2009121031
2009121020
2009121033
2009121036
2009121040
2009121041
2009121042
2009121043
2009121044
2009121045
2009121035
2009121046
2009121030
2009121048
2009121021
2009121024
2009121049
2009121023
2009121032
2009121052
2009121038
2009121003
2009121027
2009121029
2009121034
2009121039
01
02
05
06
07
04
09
10
11
12
13
14
15
16
17
18
19
20
22
23
21
24
25
26
27
28
29
30
31
08
35
36
33
40
41
42
43
44
37
46
47
48
49
50
32
51
52
53
38
45
34
39
54
03
2009120901
2009120904
2009120903
2009120906
2009120907
2009120908
2009120911
2009120912
2009120913
2009120914
2009120915
2009120916
2009120920
2009120918
2009120919
2009120926
2009120927
2009120921
2009120922
2009120923
2009120925
2009120924
2009120928
2009120929
2009120930
2009120931
2009120932
2009120933
2009120934
2009120910
2009120902
2009120909
2009120905
2009120917
01
04
03
06
07
08
11
12
13
14
15
16
17
20
18
19
25
24
26
27
28
29
21
22
23
30
31
32
33
34
10
02
09
05
35
2009120803
2009120804
2009120805
01
02
03
04
05
2009120701
2009120702
2009120703
2009120704
2009120705
2009120706
2009120707
2009120708
2009120709
2009120710
2009120711
2009120712
01
02
03
04
05
06
07
08
09
10
11
12
13
2009120601
2009120602
2009120603
2009120604
02
03
01
04
2009120401
2009120402
2009120403
2009120404
2009120405
2009120410
2009120409
2009120411
2009120412
2009120413
2009120407
01
02
03
04
05
06
07
09
10
11
12
13
2009120301
2009120302
2009120303
2009120304
2009120305
2009120306
2009120307
2009120308
2009120311
2009120312
2009120313
2009120314
2009120315
2009120316
2009120317
2009120321
2009120323
2009120324
2009120327
2009120328
2009120329
2009120330
2009120325
2009120331
2009120332
2009120333
2009120335
2009120336
2009120338
2009120326
2009120339
2009120340
2009120318
2009120342
2009120334
2009120343
2009120344
2009120345
2009120346
2009120347
2009120322
2009120309
2009120310
2009120320
01
02
03
04
05
06
07
08
11
12
13
14
15
16
17
19
21
23
27
28
29
30
25
26
32
33
34
31
35
38
39
40
42
18
43
44
45
46
24
47
22
09
10
20
36
2009120201
2009120202
2009120203
2009120204
2009120208
2009120209
01
02
03
04
06
07
08
09
05
2009120101
2009120103
2009120104
2009120105
2009120102
01
03
04
05
02
2009113001
2009113003
2009113004
2009113005
2009113006
2009113007
2009113008
2009113009
2009113002
2009113010
2009113011
01
03
04
05
06
07
08
09
02
10
11
2009112901
01
2009112701
2009112702
2009112703
2009112705
2009112706
2009112704
2009112711
2009112712
01
02
03
05
06
04
07
08
09
10
11
12
2009112601
2009112602
2009112604
2009112605
2009112606
2009112607
2009112608
2009112609
2009112610
2009112611
2009112612
2009112613
2009112614
2009112615
2009112616
2009112617
2009112618
2009112619
2009112620
2009112621
2009112622
2009112624
2009112603
01
02
04
05
06
07
08
09
10
11
12
13
14
15
16
17
18
19
20
21
22
23
03
24
2009112501
2009112502
2009112503
2009112505
2009112506
2009112507
2009112504
01
02
03
05
06
07
04
2009112401
2009112402
2009112403
2009112404
2009112405
2009112406
2009112407
2009112408
2009112409
2009112418
2009112419
01
02
03
04
05
06
07
08
10
11
12
13
14
15
16
17
09
18
19
2009112301
2009112302
2009112304
2009112305
2009112303
01
02
03
04
05
2009112001
2009112002
2009112004
2009112003
2009112006
2009112007
2009112008
2009112009
2009112010
2009112011
2009112014
2009112013
2009112015
2009112016
2009112017
2009112019
2009112020
01
02
04
03
06
07
08
09
10
11
12
13
14
15
16
17
19
20
2009111901
2009111902
2009111903
2009111904
2009111905
2009111906
2009111907
2009111908
2009111909
2009111910
2009111911
2009111912
01
02
03
04
05
06
07
08
09
10
11
12
01
2009111701
2009111702
2009111703
01
02
03
04
2009111601
2009111602
2009111603
2009111604
2009111605
2009111606
2009111607
2009111608
2009111609
01
02
03
04
05
06
07
08
09
2009111302
2009111304
2009111307
2009111306
2009111308
2009111309
2009111310
2009111311
2009111312
2009111313
2009111314
2009111301
02
03
04
05
06
07
08
09
11
12
13
14
01
10
2009111201
2009111202
2009111204
2009111205
2009111206
2009111207
2009111209
2009111210
2009111211
2009111212
2009111213
2009111214
2009111215
2009111208
2009111217
2009111218
2009111219
2009111216
2009111203
01
02
05
06
07
09
10
11
12
13
14
15
08
16
17
18
19
04
21
03
2009111101
01
2009111001
2009111002
2009111003
2009111004
2009111005
2009111006
2009111007
2009111008
2009111009
2009111010
2009111011
2009111012
2009111013
2009111014
2009111015
2009111016
2009111017
2009111018
2009111019
2009111020
2009111021
2009111022
2009111023
2009111024
2009111025
2009111026
2009111028
2009111030
2009111029
2009111027
01
04
05
06
07
08
09
10
11
12
13
14
15
16
17
18
19
20
21
22
23
24
25
26
29
28
30
27
31
02
03
2009110901
2009110902
2009110903
2009110904
01
02
03
04
2009110601
2009110602
01
02
2009110401
01
20091103E3
20091103E2
E2
E3
2009103101
01
2009103001
2009103002
2009103003
2009103004
2009103006
2009103007
2009103008
2009103009
2009103010
2009103012
2009103013
2009103014
2009103015
2009103016
2009103017
2009103018
2009103019
2009103020
2009103005
01
02
03
04
06
07
08
09
10
12
13
14
18
15
16
17
19
11
20
05
2009102901
2009102902
2009102903
2009102904
2009102905
2009102906
2009102907
2009102908
2009102909
2009102910
2009102911
2009102913
2009102915
2009102916
2009102917
2009102918
2009102921
2009102919
2009102920
2009102922
2009102924
2009102926
2009102927
2009102928
2009102914
01
02
03
04
06
07
08
09
10
12
11
13
14
15
16
17
18
21
19
20
22
23
24
25
26
27
28
05
2009102801
2009102802
2009102803
2009102804
2009102805
2009102806
2009102807
2009102809
2009102810
2009102811
2009102812
2009102813
2009102814
2009102808
2009102815
01
03
04
05
06
07
09
10
11
12
13
14
08
02
15
2009102702
2009102703
2009102704
2009102705
2009102706
2009102707
2009102710
2009102708
2009102709
2009102711
2009102712
2009102713
2009102714
2009102701
02
04
05
06
07
08
09
11
12
13
14
01
03
10
2009102601
2009102602
2009102603
02
03
01
2009102401
01
2009102301
2009102302
2009102303
2009102305
2009102306
2009102308
2009102310
2009102311
2009102312
2009102307
2009102309
2009102304
01
04
02
03
05
06
07
08
10
11
12
13
14
09
2009102202
2009102201
2009102204
2009102203
2009102206
2009102207
2009102208
2009102209
2009102211
2009102213
2009102214
2009102215
2009102216
2009102217
2009102218
2009102219
2009102221
2009102222
2009102223
2009102224
2009102225
2009102226
2009102212
2009102227
2009102228
2009102229
2009102230
2009102231
02
01
04
05
03
06
07
08
09
10
11
13
14
15
16
17
18
19
20
21
22
23
24
25
26
27
12
28
29
30
31
2009102101
2009102102
01
02
2009102001
2009102002
2009102003
2009102004
2009102006
2009102007
2009102005
2009102008
01
02
03
04
05
06
07
08
2009101901
2009101902
2009101903
2009101904
01
02
03
04
2009101601
2009101602
2009101604
2009101605
2009101607
2009101608
2009101611
2009101612
2009101620
2009101622
2009101621
2009101623
2009101625
2009101606
2009101613
2009101614
2009101615
2009101616
2009101617
2009101618
2009101619
2009101603
01
02
04
05
07
08
09
10
11
12
20
21
22
24
25
23
06
03
13
14
15
16
17
18
19
2009101501
01
2009101401
2009101402
2009101404
2009101403
2009101405
2009101406
01
02
03
04
05
06
2009101301
2009101302
01
02
03
2009101201
2009101202
2009101204
2009101203
01
02
03
04
2009101001
01
2009100901
2009100903
2009100902
2009100905
2009100904
2009100907
2009100908
01
03
02
05
04
06
07
08
2009100802
2009100803
2009100804
2009100806
2009100807
2009100809
2009100801
01
02
03
05
06
07
08
09
04
2009100701
2009100702
2009100703
2009100704
2009100705
2009100707
2009100708
2009100710
2009100709
2009100711
2009100712
2009100713
2009100714
2009100715
2009100716
2009100717
2009100718
2009100719
2009100720
01
02
03
04
05
06
07
08
10
09
11
12
13
14
15
16
17
18
19
20
21
2009100501
2009100502
2009100503
01
02
03
2009100201
2009100202
2009100203
2009100205
2009100206
2009100204
2009100208
01
02
03
05
06
07
04
08
2009100101
2009100102
2009100103
2009100104
2009100105
2009100106
2009100107
2009100108
2009100109
2009100110
2009100111
2009100112
01
02
03
04
05
06
07
08
09
11
12
10
2009093001
2009093003
2009093004
2009093002
2009093007
2009093005
2009093006
2009093008
2009093009
2009093010
01
02
03
04
07
08
05
06
09
10
2009092901
2009092902
2009092903
2009092904
01
02
03
04
2009092801
2009092802
2009092803
2009092804
2009092805
2009092809
2009092810
2009092811
2009092806
2009092808
2009092812
2009092813
2009092814
2009092815
2009092816
2009092817
2009092807
01
02
03
04
05
09
10
11
06
08
12
13
14
15
16
17
07
2009092701
2009092702
2009092703
2009092705
2009092704
2009092706
2009092707
2009092708
2009092709
2009092710
2009092714
2009092715
2009092716
2009092717
2009092719
2009092718
2009092720
2009092722
2009092721
2009092723
2009092711
2009092712
2009092713
01
02
03
04
05
06
07
08
09
10
14
15
16
17
18
19
20
22
21
23
11
12
13
2009092501
2009092502
2009092503
2009092504
2009092505
2009092506
01
02
03
04
05
06
2009092401
2009092402
2009092403
2009092404
2009092405
03
04
05
01
02
2009092301
2009092302
2009092303
01
02
03
2009092202
2009092201
2009092203
2009092204
2009092205
2009092207
2009092206
02
01
03
04
05
07
06
2009092101
2009092102
2009092103
2009092104
2009092106
01
02
03
04
05
06
07
2009092001
2009092002
2009092003
2009092005
2009092006
2009092007
2009092008
2009092009
2009092010
2009092011
2009092012
2009092013
2009092014
2009092015
2009092016
2009092018
2009092019
2009092017
2009092021
2009092022
2009092024
2009092025
2009092026
2009092027
2009092028
2009092029
2009092030
2009092031
2009092032
2009092033
2009092034
2009092035
2009092023
2009092036
2009092037
2009092039
01
02
03
05
06
07
08
09
10
11
12
13
14
15
16
18
19
17
21
22
24
25
26
27
28
29
30
31
32
33
34
35
23
36
37
39
40
41
2009091801
2009091803
2009091804
2009091802
2009091805
2009091806
2009091807
2009091808
2009091809
2009091810
2009091811
2009091812
01
02
04
05
06
07
08
09
10
11
03
12
2009091701
2009091702
2009091704
01
02
03
04
2009091503
2009091504
2009091505
2009091506
2009091501
2009091502
2009091507
2009091508
01
03
04
05
06
02
08
07
2009091401
2009091402
2009091403
2009091404
2009091405
2009091406
02
03
04
05
06
01
2009091101
2009091102
2009091103
2009091104
01
02
03
04
2009091001
2009091004
2009091003
2009091005
2009091008
2009091013
2009091015
2009091016
2009091017
2009091018
2009091019
2009091020
2009091021
2009091006
2009091007
2009091012
2009091023
2009091025
2009091002
2009091026
2009091027
2009091028
2009091029
2009091030
2009091031
2009091032
2009091014
2009091033
2009091035
2009091036
2009091022
2009091037
2009091038
2009091039
2009091040
2009091041
2009091042
2009091043
2009091024
2009091034
01
04
02
03
05
06
07
09
10
11
08
12
13
15
16
17
18
19
20
21
23
25
26
27
28
29
30
31
32
14
33
34
35
36
37
22
38
39
40
41
42
43
44
24
2009090901
2009090902
2009090903
01
02
03
2009090801
2009090803
2009090802
2009090804
2009090805
01
02
03
04
05
2009090401
2009090407
2009090408
2009090409
2009090410
2009090411
2009090402
2009090403
2009090404
2009090405
2009090412
2009090413
2009090414
2009090415
2009090420
2009090417
2009090418
2009090419
2009090422
2009090424
2009090425
2009090426
2009090427
2009090428
2009090430
2009090431
2009090406
2009090416
2009090421
2009090423
2009090429
01
02
03
04
05
06
07
08
09
10
11
12
13
14
15
16
20
17
18
19
21
22
23
24
26
27
28
29
30
31
25
2009090301
2009090302
2009090303
2009090304
2009090305
01
02
03
04
05
2009090201
2009090202
2009090203
01
03
02
2009090101
01
2009083102
2009083103
2009083104
2009083105
2009083106
2009083108
2009083109
2009083107
2009083101
01
02
03
04
05
06
08
09
07
2009082901
2009082902
2009082903
2009082904
2009082905
2009082906
2009082907
2009082914
2009082915
2009082916
2009082917
2009082918
2009082919
2009082911
2009082912
2009082913
2009082920
2009082921
2009082910
2009082922
2009082909
2009082923
01
02
03
04
05
06
07
08
11
12
13
14
15
16
17
18
19
20
21
10
22
09
23
2009082801
2009082802
2009082803
01
02
03
2009082701
2009082702
2009082703
2009082705
01
02
03
04
05
2009082601
2009082602
2009082603
01
02
03
2009082501
2009082502
01
02
2009082401
2009082402
01
02
2009082102
2009082103
2009082104
2009082105
2009082110
2009082106
2009082107
2009082109
2009082112
2009082113
2009082114
2009082115
2009082116
2009082117
2009082118
2009082119
2009082120
2009082121
2009082122
2009082123
2009082111
2009082124
2009082108
2009082125
2009082126
2009082101
02
03
04
05
06
07
09
10
12
13
14
15
16
11
17
18
19
20
21
22
23
24
08
25
26
01
2009082001
2009082002
2009082003
2009082004
2009082005
01
03
02
04
05
2009081902
01
02
2009081802
2009081801
2009081804
01
02
03
04
2009081701
2009081702
2009081703
2009081704
01
02
03
04
2009081401
2009081402
01
02
2009081301
01
01
2009081101
01
2009081001
2009081002
2009081003
2009081004
2009081005
2009081007
2009081008
2009081009
2009081010
2009081011
2009081012
2009081014
2009081015
2009081016
2009081006
2009081017
2009081019
2009081021
2009081020
2009081023
2009081013
2009081024
2009081018
01
02
03
04
05
06
07
08
09
10
11
12
14
15
16
17
19
20
21
22
23
13
24
18
2009080601
01
2009080501
01
2009080402
2009080403
02
03
2009080301
01
2009080101
01
2009073102
2009073103
2009073105
2009073106
2009073107
2009073108
2009073110
2009073111
2009073112
2009073113
2009073116
2009073118
2009073117
2009073121
2009073104
2009073114
2009073122
2009073119
2009073120
2009073128
2009073129
2009073130
2009073131
2009073132
2009073135
2009073136
2009073138
2009073139
2009073140
2009073141
2009073142
2009073143
2009073144
2009073145
2009073146
2009073127
2009073109
2009073137
2009073115
2009073101
2009073133
02
03
04
05
06
07
08
10
11
12
13
14
16
17
18
19
20
21
22
27
23
24
25
26
28
29
30
31
32
35
36
34
38
39
40
41
42
43
44
45
46
47
48
49
09
37
15
01
33
2009073001
01
2009072901
01
2009072701
2009072702
2009072703
01
02
03
2009072401
2009072402
2009072403
2009072404
2009072405
2009072406
2009072407
2009072408
2009072409
2009072411
2009072412
2009072413
2009072414
2009072415
2009072416
2009072417
2009072418
2009072419
2009072420
2009072421
2009072422
2009072423
2009072424
2009072425
2009072430
2009072431
2009072432
2009072433
2009072434
2009072435
2009072436
2009072438
2009072439
2009072440
2009072429
2009072437
2009072427
2009072428
2009072441
2009072442
2009072410
2009072426
01
03
04
05
06
07
08
09
10
12
13
14
15
16
17
18
20
21
22
23
24
25
28
30
32
33
34
36
39
29
41
42
02
35
38
40
19
26
11
37
27
31
2009072301
2009072302
01
02
2009072201
2009072202
2009072203
2009072204
2009072207
2009072205
01
02
03
04
06
07
05
2009072001
2009072002
2009072003
01
02
03
2009071701
2009071702
2009071704
2009071705
2009071706
2009071703
2009071707
2009071708
2009071709
2009071711
2009071710
2009071714
2009071716
2009071717
2009071718
2009071724
2009071725
2009071722
2009071720
2009071721
2009071727
2009071729
2009071730
2009071719
2009071726
2009071733
2009071734
2009071735
2009071736
2009071728
2009071737
2009071738
2009071739
2009071723
2009071732
2009071712
2009071715
2009071713
02
01
03
04
05
06
07
08
09
10
14
16
17
18
24
25
22
20
21
27
29
30
33
19
26
34
35
36
12
28
15
13
11
37
38
39
23
32
2009071604
2009071601
2009071602
2009071603
2009071606
2009071605
2009071607
2009071612
2009071608
2009071611
04
01
02
03
05
06
07
09
10
11
12
13
08
2009071502
2009071503
2009071504
2009071505
2009071507
2009071508
2009071509
2009071510
2009071511
2009071512
2009071513
2009071514
2009071515
2009071516
2009071517
2009071518
2009071519
01
02
03
04
05
06
07
08
09
10
11
12
13
14
15
16
17
18
19
2009071401
2009071402
2009071403
2009071405
2009071406
2009071407
2009071409
2009071404
2009071410
01
02
03
05
06
07
08
09
04
10
2009071304
2009071305
2009071306
2009071307
2009071308
2009071309
2009071310
2009071311
2009071312
2009071313
2009071302
2009071303
04
05
08
07
09
02
10
11
12
13
03
06
2009071201
2009071202
2009071203
2009071204
2009071205
2009071206
2009071207
2009071208
2009071210
2009071215
2009071214
2009071212
2009071211
2009071217
2009071216
2009071218
2009071220
2009071221
2009071222
2009071213
2009071219
2009071223
2009071224
2009071226
2009071209
01
02
03
04
05
06
07
08
10
11
12
13
15
14
16
17
18
19
20
21
22
23
24
25
26
27
28
29
09
2009071001
2009071002
2009071003
2009071005
2009071006
2009071007
01
02
04
05
06
07
03
2009070901
2009070904
2009070903
2009070905
01
02
03
04
05
2009070802
2009070801
02
01
2009070701
2009070703
01
02
03
2009070601
2009070603
2009070602
2009070604
2009070605
2009070606
2009070607
2009070608
2009070610
2009070611
2009070612
2009070609
2009070613
01
03
02
06
07
08
09
10
11
12
13
05
04
2009070301
2009070343
2009070344
2009070345
2009070346
2009070349
2009070348
2009070354
2009070355
2009070356
2009070357
2009070350
2009070351
2009070352
2009070347
2009070358
2009070359
2009070361
2009070364
2009070362
2009070363
2009070360
2009070365
2009070366
2009070367
2009070368
2009070369
2009070370
2009070371
2009070372
2009070373
2009070374
2009070353
01
44
45
46
47
48
49
54
55
56
57
50
51
52
58
59
60
61
64
62
65
66
67
68
69
70
71
72
73
74
43
63
53
2009070203
2009070204
2009070207
2009070208
2009070205
2009070201
2009070209
2009070206
02
03
04
07
08
05
01
09
06
2009070101
2009070103
2009070102
2009070104
2009070106
2009070107
2009070108
2009070105
01
02
03
04
06
07
05
08
2009063003
2009063004
2009063005
2009063006
2009063007
2009063008
2009063009
2009063012
2009063011
2009063013
2009063014
2009063010
2009063016
2009063017
2009063002
2009063015
03
04
05
06
07
08
09
10
11
12
13
14
15
16
17
02
2009062902
2009062903
2009062901
02
03
01
2009062801
2009062802
2009062803
2009062804
2009062807
2009062808
2009062809
2009062810
2009062819
2009062821
2009062822
2009062824
2009062825
2009062826
2009062827
2009062828
2009062829
2009062830
2009062823
2009062831
2009062837
2009062832
2009062834
2009062835
2009062833
2009062845
2009062846
2009062815
2009062836
2009062838
2009062839
2009062840
2009062841
2009062842
2009062847
2009062844
2009062805
2009062806
2009062820
01
02
03
04
07
08
09
10
19
21
22
24
25
26
27
28
29
30
23
31
32
33
34
35
15
36
37
38
39
40
41
42
44
45
46
47
43
05
06
48
20
2009062601
2009062602
2009062603
2009062604
01
02
03
04
2009062501
2009062502
2009062503
2009062504
2009062505
01
02
03
04
05
2009062401
2009062403
2009062404
2009062402
01
03
04
02
2009062301
2009062302
2009062303
01
02
03
2009062201
2009062202
2009062203
2009062205
2009062206
2009062207
2009062208
2009062209
2009062210
2009062204
01
02
03
05
06
07
08
09
10
04
2009061901
2009061902
2009061906
2009061905
2009061907
2009061908
2009061909
2009061910
2009061911
2009061912
2009061913
2009061914
2009061916
2009061915
2009061918
2009061919
2009061922
2009061923
2009061924
2009061926
2009061927
2009061928
2009061929
2009061930
2009061931
2009061903
2009061921
2009061920
2009061904
01
02
03
06
05
07
08
09
10
11
12
13
14
15
16
17
18
19
22
23
24
25
26
27
28
29
30
20
21
32
33
31
04
2009061801
2009061802
2009061803
2009061804
2009061808
2009061809
2009061810
2009061811
2009061812
2009061813
2009061815
2009061816
2009061817
2009061818
2009061819
2009061820
2009061822
2009061824
2009061825
2009061826
2009061827
2009061828
2009061829
2009061830
2009061814
2009061831
2009061832
2009061834
2009061835
2009061806
2009061821
2009061807
2009061833
01
02
03
04
07
08
09
10
11
12
13
14
15
16
17
18
19
20
22
24
25
26
23
27
28
29
30
31
06
32
33
34
35
36
21
2009061702
2009061703
2009061704
2009061706
2009061707
2009061705
2009061708
2009061710
2009061701
01
02
03
04
05
06
07
08
09
10
11
12
2009061601
2009061602
2009061603
2009061604
2009061606
2009061608
2009061610
2009061607
2009061612
2009061613
2009061614
2009061609
2009061605
01
02
03
04
06
05
07
08
09
10
11
12
13
14
2009061501
2009061502
2009061508
2009061503
2009061506
2009061507
2009061505
2009061509
2009061510
2009061511
2009061512
2009061513
2009061514
2009061515
2009061516
2009061504
01
02
08
03
06
07
05
09
10
11
12
13
14
04
15
16
2009061201
2009061202
2009061203
01
02
03
2009061103
2009061104
2009061105
2009061106
2009061107
2009061108
2009061109
2009061111
2009061113
2009061114
2009061110
03
04
05
06
07
08
09
11
12
13
14
10
2009061001
2009061002
2009061004
2009061006
2009061007
2009061008
2009061005
2009061010
2009061003
01
02
04
06
07
08
05
09
10
03
2009060902
2009060903
2009060904
2009060905
2009060906
2009060908
2009060910
2009060907
2009060901
2009060912
2009060909
02
03
04
05
06
08
07
09
10
11
01
12
2009060801
2009060802
2009060803
2009060805
2009060809
2009060810
2009060804
01
02
03
05
06
07
08
09
10
11
04
2009060701
2009060706
2009060707
2009060708
2009060709
2009060710
2009060711
2009060712
2009060702
2009060703
2009060704
2009060705
2009060714
2009060715
2009060716
2009060713
2009060717
2009060718
2009060720
2009060721
2009060722
2009060723
2009060724
2009060725
01
06
07
08
09
10
11
12
02
03
04
05
14
15
16
13
17
18
20
21
22
23
24
25
26
27
2009060601
2009060602
01
02
2009060501
2009060510
2009060502
2009060503
2009060504
2009060505
2009060506
2009060507
2009060508
2009060509
2009060513
2009060514
2009060511
2009060515
2009060516
2009060517
2009060518
2009060519
2009060529
2009060530
2009060532
2009060533
2009060534
2009060535
2009060528
2009060538
2009060539
2009060541
2009060542
2009060544
2009060537
2009060543
2009060546
2009060548
2009060549
2009060552
2009060555
2009060556
2009060559
2009060562
2009060564
2009060565
2009060563
2009060512
2009060527
2009060531
2009060547
2009060553
2009060536
2009060540
2009060545
01
02
03
04
05
06
07
08
09
13
14
11
12
15
16
17
18
19
27
29
30
32
33
34
35
37
38
39
41
42
43
44
20
21
22
23
24
25
26
48
49
50
51
52
53
54
55
56
58
59
60
57
61
64
65
63
40
45
36
28
46
10
62
31
47
2009060401
2009060403
2009060404
2009060409
2009060410
2009060411
2009060412
2009060413
2009060419
2009060420
2009060418
2009060417
2009060422
2009060421
2009060423
2009060425
2009060415
2009060416
2009060402
2009060424
2009060426
2009060427
01
03
04
05
06
07
08
09
10
11
12
13
19
20
17
21
23
24
25
15
16
18
02
26
22
27
2009060301
2009060302
2009060304
2009060305
2009060303
2009060306
2009060307
2009060308
2009060309
2009060310
2009060311
2009060312
2009060313
01
02
04
05
03
06
07
08
09
10
11
12
13
2009060202
2009060203
2009060204
2009060205
2009060206
2009060207
2009060208
2009060201
02
03
04
05
06
07
08
01
2009053101
2009053104
2009053102
2009053105
2009053106
2009053107
2009053103
2009053111
2009053108
2009053109
2009053110
2009053113
2009053114
2009053115
2009053117
2009053112
01
03
04
02
05
06
07
11
08
09
10
12
13
14
15
16
17
2009052902
2009052903
2009052907
2009052909
2009052910
2009052911
2009052912
2009052913
2009052915
2009052917
